Р положит(резк)

0.023246059 0.005601748 0.046717988 0.066559277 0.857874927
0.013646387 0.049058382 0.016698736 0.129693725 0.79090277
0.04620738 0.001635162 0.012218447 0.008067163 0.931871848
0.06745643 0.118393449 0.09455569 0.028992576 0.690601853
0.071950483 0.2378727 0.137118006 0.039143621 0.513915191

Бп

0.624 0.376 0 0 0
0.376 0.473 0.151 0 0
0 0.188 0.078 0.393 0.342
0 0 0.179 0.326 0.495
0 0 0.322 0.145 0.533

Р положит(плав)

0.211623782 0.237656727 0.140218889 0.203508575 0.206992028
0.108083873 0.278319024 0.266546237 0.227940721 0.119110145
0.265313038 0.076031305 0.268142755 0.283173113 0.107339789
0.026023569 0.45841103 0.327115976 0.118577184 0.06987224
0.118115033 0.057601033 0.150992448 0.248901865 0.424389621

Д

0.198964414 0.260941274 0.062515519 0.313602016 0.163976777
0.094098288 0.242054193 0.319600366 0.155162279 0.189084874
0.281606257 0.23585606 0.001 0.209688285 0.271849398
0.170857902 0.140203238 0.326095823 0.162519882 0.200323156
0.254473139 0.120945235 0.290788292 0.159027538 0.174765796

ЛП

0.522 0.478 0 0 0
0.506 0.426 0.068 0 0
0 0.413 0.126 0.461 0
0 0 0.269 0.260 0.471
0.195 0 0 0.388 0.417

Н_20

0.298736925 0.306256767 0 0.264102915 0.130903393
0.34365385 0.303853456 0.318253759 0 0.034238936
0 0.393997563 0.023003194 0.028094888 0.554904356
0 0.180661219 0.298764636 0.2890369 0.231537245
0.11988777 0.313111886 0.412344795 0.154655549 0

Н_40

0 0.310635344 0.369802326 0.31956233 0
0 0 0.275148046 0.387331667 0.337520287
0.295932886 0.254979504 0.44908761 0 0
0 0.334192164 0.027950014 0 0.637857822
0 0 0.366596582 0.15536363 0.478039788

Н_60

0.368277212 0.631722788 0 0 0
0.194987875 0 0.805012125 0 0
0 0 0.775563229 0.224436771 0
0 0.283085528 0 0 0.716914472
0 0 0.935784773 0.064215227 0

Тв

0.239 0.287 0.199 0.153 0.121
0 0.197 0.409 0.007 0.387
0 0 0.363 0.495 0.142
0 0 0 0.178 0.822
0.154 0 0 0 0.846

Тн

0.147 0 0 0 0.853
0.104 0.896 0 0 0
0.293 0.439 0.268 0 0
0.206 0.374 0.183 0.237 0
0.137 0.287 0.021 0.282 0.274

Бл

0 0 0.068 0.613 0.319
0 0 0.193 0.254 0.552
0 0 0.119 0.581 0.300
0.148 0.852 0 0 0
0.591 0.409 0 0 0










